	38°		36°		33-34°		30-31°		24-26°		20-21°		18°		15°		10°		5°	
time	rate	kum	rate	kum	rate	kum	rate	kum	rate	kum	rate	kum	rate	kum	rate	kum	rate	kum	rate	kum
0	0	22.7	0	54.8	1.5	75.6	4	159.7	5.25	126.3	11.03	288.44	7.85	281.28	8.3	267.9	6.6	148.05	1.375	67.275
1	0	22.7	0	54.8	1.5	74.1	9	155.7	5.25	121.05	14.52	277.41	7.85	273.43	13.2	259.6	6.6	141.45	1.375	65.9
2	0	22.7	0	54.8	1.5	72.6	9	146.7	5.25	115.8	16.35	262.89	7.85	265.58	13.2	246.4	6.6	134.85	1.375	64.525
3	0	22.7	2.9	54.8	1.5	71.1	9	137.7	5.25	110.55	13.21	246.54	7.85	257.73	13	233.2	6.6	128.25	1.375	63.15
4	0	22.7	2.9	51.9	3	69.6	6.5	128.7	2.75	105.3	7.42	233.33	7.85	249.88	13	220.2	6.6	121.65	1.375	61.775
5	0	22.7	3.9	49	3	66.6	6.5	122.2	2.75	102.55	5.84	225.92	8.6	242.03	9.3	207.2	6.6	115.05	1.375	60.4
6	1.3	22.7	3.9	45.1	8.3	63.6	4.5	115.7	2.75	99.8	5.27	220.08	11.68	233.43	11.6	197.9	6.6	108.45	1.375	59.025
7	1.3	21.4	3.9	41.2	8.3	55.3	4.5	111.2	2.75	97.05	5.78	214.81	11.68	221.75	11.6	186.3	6.6	101.85	2.625	57.65
8	1.3	20.1	3.9	37.3	8.3	47	4.5	106.7	2.75	94.3	11.48	209.03	11.68	210.07	13.5	174.7	6.9	95.25	2.625	55.025
9	1.3	18.8	3.9	33.4	4.3	38.7	8	102.2	2.75	91.55	11.15	197.55	11.68	198.39	13.5	161.2	6.9	88.35	1.25	52.4
10	1.3	17.5	3.9	29.5	4.3	34.4	20	94.2	2.75	88.8	9.56	186.40	11.68	186.71	13.5	147.7	6.9	81.45	1.25	51.15
11	1.3	16.2	3.9	25.6	4.3	30.1	17	74.2	3.75	86.05	10.37	176.84	11.68	175.03	13.5	134.2	5.9	74.55	1.25	49.9
12	1.3	14.9	3.9	21.7	4.3	25.8	7	57.2	3.75	82.3	10.35	166.47	11.68	163.35	13.5	120.7	5.9	68.65	1.25	48.65
13	1.3	13.6	3.9	17.8	4.3	21.5	6	50.2	3.75	78.55	9.68	156.12	11.68	151.67	5.2	107.2	2.65	62.75	1.25	47.4
14	1.3	12.3	3.9	13.9	4.3	17.2	2	44.2	3.75	74.8	8.41	146.44	11.68	139.99	5.2	102	2.65	60.1	3.55	46.15
15	1.3	11	2.5	10	4.3	12.9	2	42.2	3.75	71.05	8.42	138.03	5.68	128.31	2.6	96.8	2.65	57.45	3.55	42.6
16	1.3	9.7	2.5	7.5	4.3	8.6	4.7	40.2	3.75	67.3	5.77	129.61	5.68	122.63	2.6	94.2	2.65	54.8	3.55	39.05
17	0	8.4	2.5	5	4.3	4.3	4.7	35.5	3.75	63.55	6.19	123.84	5.68	116.95	2.6	91.6	4.5	52.15	3.55	35.5
18	0	8.4	2.5	2.5	0	0	4.7	30.8	3.5	59.8	4.74	117.65	5.68	111.27	2.6	89	4.5	47.65	3.55	31.95
19	0	8.4	0	0	0	0	8.7	26.1	3.5	56.3	6.58	112.91	5.68	105.59	2.6	86.4	4.5	43.15	3.55	28.4
20	0	8.4	0	0	0	0	8.7	17.4	2.25	52.8	6.50	106.32	5.68	99.91	2.6	83.8	4.5	38.65	3.55	24.85
21	0	8.4	0	0	0	0	8.7	8.7	2.25	50.55	6.69	99.82	5.68	94.23	2.6	81.2	1.85	34.15	1.25	21.3
22	0	8.4	0	0	0	0	0	0	2.25	48.3	5.84	93.13	5.68	88.55	2.6	78.6	1.85	32.3	1.25	20.05
23	0	8.4	0	0	0	0	0	0	2.25	46.05	5.48	87.29	5.68	82.87	2.6	76	0	30.45	1.25	18.8
24	0	8.4	0	0	0	0	0	0	2.25	43.8	5.52	81.80	5.68	77.19	2.6	73.4	0	30.45	1.25	17.55
25	0	8.4	0	0	0	0	0	0	2.25	41.55	6.95	76.28	5.68	71.51	5	70.8	0	30.45	1.25	16.3
26	0	8.4	0	0	0	0	0	0	2.25	39.3	6.94	69.33	5.68	65.83	5	65.8	1.85	30.45	1.25	15.05
27	0	8.4	0	0	0	0	0	0	2.25	37.05	7.06	62.39	5.68	60.15	5	60.8	1.85	28.6	0	13.8
28	0	8.4	0	0	0	0	0	0	0	34.8	4.83	55.33	3.75	54.47	3.3	55.8	1.85	26.75	0	13.8
29	0	8.4	0	0	0	0	0	0	0	34.8	6.73	50.50	3.67	50.72	3.3	52.5	1.85	24.9	0	13.8
30	0	8.4	0	0	0	0	0	0	0	34.8	6.73	43.77	3.67	47.05	3.3	49.2	1.85	23.05	0	13.8
31	0	8.4	0	0	0	0	0	0	0	34.8	6.72	37.04	3.67	43.38	3.3	45.9	1.85	21.2	0	13.8
32	0	8.4	0	0	0	0	0	0	0	34.8	3.31	30.31	3.67	39.71	3.3	42.6	1.85	19.35	0	13.8
33	0	8.4	0	0	0	0	0	0	3.1	34.8	3.31	27.01	3.67	36.04	3.3	39.3	1.85	17.5	0	13.8
34	0	8.4	0	0	0	0	0	0	3.1	31.7	3.24	23.70	3.67	32.37	3.3	36	1.85	15.65	0	13.8
35	0.56	8.4	0	0	0	0	0	0	3.1	28.6	3.24	20.47	3.67	28.7	3.3	32.7	0	13.8	0	13.8
36	0.56	7.84	0	0	0	0	0	0	3.1	25.5	2.82	17.23	3.67	25.03	3.3	29.4	0	13.8	0	13.8
37	0.56	7.28	0	0	0	0	0	0	3.1	22.4	2.82	14.41	2.67	21.36	3.3	26.1	0	13.8	0	13.8
38	0.56	6.72	0	0	0	0	0	0	4.35	19.3	1.70	11.59	2.67	18.69	3.3	22.8	0	13.8	0	13.8
39	0.56	6.16	0	0	0	0	0	0	4.35	14.95	1.70	9.89	2.67	16.02	3.3	19.5	2.3	13.8	2.3	13.8
40	0.56	5.6	0	0	0	0	0	0	4.35	10.6	1.70	8.19	2.67	13.35	3.3	16.2	2.3	11.5	2.3	11.5
41	0.56	5.04	0	0	0	0	0	0	1.25	6.25	1.70	6.49	2.67	10.68	3.3	12.9	2.3	9.2	2.3	9.2
42	0.56	4.48	0	0	0	0	0	0	1.25	5	0.99	4.79	2.67	8.01	3.3	9.6	2.3	6.9	2.3	6.9
43	0.56	3.92	0	0	0	0	0	0	1.25	3.75	0.99	3.80	2.67	5.34	3.3	6.3	2.3	4.6	2.3	4.6
44	0.56	3.36	0	0	0	0	0	0	1.25	2.5	0.99	2.81	2.67	2.67	3	3	2.3	2.3	2.3	2.3
45	0.56	2.8	0	0	0	0	0	0	1.25	1.25	0.99	1.82	0	0	0	0	0	0	0	0
46	0.56	2.24	0	0	0	0	0	0	0	0	0.41	0.83	0	0	0	0	0	0	0	0
47	0.56	1.68	0	0	0	0	0	0	0	0	0.41	0.41	0	0	0	0	0	0	0	0
48	0.56	1.12	0	0	0	0	0	0	0	0	0.00	0.00	0	0	0	0	0	0	0	0
49	0.56	0.56	0	0	0	0	0	0	0	0	0.00	0.00	0	0	0	0	0	0	0	0
50	0	0	0	0	0	0	0	0	0	0	0.00	0.00	0	0	0	0	0	0	0	0